#Life 1.06
#N Test Universedsadas
#S 30x20
#R B1/S0
0 5
0 9
0 13
0 15
0 16
1 5
1 9
1 13
1 15
1 16
2 4
2 7
2 8
2 13
2 15
2 16
2 17
3 7
3 14
4 7
4 14
5 14
6 8
6 17
7 5
7 15
7 17
7 18
7 19
8 5
8 17
9 5
9 17
10 4
10 6
10 16
11 0
11 1
11 2
11 19
12 0
12 4
12 10
12 11
12 13
12 14
12 15
12 18
13 0
13 11
13 12
13 13
13 16
13 17
13 18
14 1
14 9
14 11
14 12
14 13
15 7
15 11
15 12
15 13
15 16
15 17
15 18
17 2
18 2
18 15
18 18
19 2
19 15
19 16
19 17
20 2
20 3
20 4
20 11
20 15
20 16
20 17
21 2
21 12
22 14
22 15
22 16
22 17
24 13
25 10
25 17
26 0
26 4
26 9
26 10
26 19
27 1
27 2
27 4
27 5
27 6
27 7
27 9
27 10
27 11
27 12
27 13
27 14
27 15
27 16
28 4
28 5
28 8
28 9
28 10
28 17
28 18
28 19
29 10
29 11
29 12
